Hyperedge: frozenset([177, 164, 133])
(5, 6, 2): 1
(2, 5, 6): 1
(5, 6, 3): 5
(2, 2, 4): 1
(5, 6, 4): 2
(5, 6, 6): 1
(1, 4, 3): 1
(5, 5, 3): 1
(5, 2, 3): 1
(2, 4, 3): 3
(2, 6, 6): 1
(2, 3, 3): 3
(6, 2, 3): 1
(2, 6, 5): 6
(6, 1, 3): 1
(3, 6, 6): 1
(2, 6, 4): 15
(1, 6, 4): 6
(2, 4, 4): 2
(2, 6, 3): 7
(3, 6, 4): 4
(2, 5, 3): 1
(2, 6, 2): 1
(4, 5, 3): 1
(3, 6, 5): 1
(6, 6, 3): 6
(3, 6, 2): 1
(3, 5, 3): 1
(4, 5, 5): 1
(1, 2, 4): 1
(4, 6, 3): 6
(6, 2, 5): 1
(2, 5, 4): 1
(4, 6, 2): 1
(1, 6, 3): 2
(6, 6, 6): 1
(4, 6, 5): 4
(4, 6, 4): 5
(6, 6, 4): 7
(3, 6, 3): 6
Hyperedge: frozenset([217, 174, 167])
(5, 5, 6): 3
Hyperedge: frozenset([83, 118])
(6, 4): 10
(5, 4): 31
(5, 5): 20
(4, 5): 10
(4, 4): 19
(6, 3): 1
(4, 3): 2
(3, 3): 1
(3, 5): 10
(3, 4): 16
(6, 5): 2
(5, 3): 6
Hyperedge: frozenset([201, 171])
(3, 2): 6
(4, 6): 3
(3, 3): 1
(5, 6): 8
(4, 4): 2
(5, 5): 5
(3, 6): 7
(4, 5): 2
(6, 2): 1
(2, 3): 1
(4, 3): 37
(4, 2): 17
(5, 2): 29
(5, 3): 11
Hyperedge: frozenset([83, 85])
(6, 4): 5
(5, 4): 7
(4, 6): 1
(5, 5): 25
(5, 6): 3
(4, 4): 2
(6, 3): 2
(4, 5): 17
(4, 3): 11
(3, 3): 2
(3, 5): 16
(3, 4): 9
(6, 5): 6
(5, 3): 23
Hyperedge: frozenset([104, 91])
(3, 2): 2
(2, 6): 23
(4, 6): 20
(6, 6): 15
(5, 6): 15
(3, 6): 3
(6, 3): 11
(4, 3): 13
(4, 2): 14
(5, 2): 7
(5, 3): 8
Hyperedge: frozenset([236, 237])
(6, 4): 6
(5, 4): 14
(5, 5): 4
(6, 6): 11
(5, 6): 2
(4, 4): 2
(6, 3): 3
(2, 3): 1
(3, 4): 3
(6, 5): 30
(5, 3): 5
Hyperedge: frozenset([169, 172, 206, 209])
(4, 5, 4, 5): 1
Hyperedge: frozenset([100, 134])
(6, 4): 11
(5, 4): 4
(5, 5): 3
(6, 6): 13
(4, 5): 4
(4, 4): 2
(6, 3): 47
(6, 2): 1
(3, 6): 7
(2, 5): 4
(3, 4): 14
(6, 5): 5
(3, 5): 16
Hyperedge: frozenset([88, 106, 244])
(5, 2, 6): 8
(2, 3, 5): 2
(5, 3, 4): 1
(2, 2, 5): 1
(6, 4, 5): 1
(6, 3, 5): 1
(5, 6, 4): 1
(3, 3, 6): 1
(6, 3, 6): 2
(5, 6, 5): 8
(6, 2, 6): 1
(5, 6, 6): 3
(2, 6, 5): 4
(6, 4, 3): 2
(5, 5, 4): 1
(2, 4, 5): 2
(2, 6, 4): 3
(6, 5, 4): 3
(2, 4, 4): 1
(6, 2, 2): 1
(1, 6, 5): 1
(5, 5, 6): 1
(6, 5, 2): 1
(3, 2, 6): 3
(4, 2, 5): 2
(5, 4, 5): 1
(4, 4, 5): 3
(2, 5, 5): 2
(6, 6, 6): 2
(3, 5, 6): 1
(6, 3, 2): 1
(5, 2, 5): 1
(6, 5, 5): 2
(5, 3, 5): 1
(5, 3, 6): 4
(6, 3, 3): 3
Hyperedge: frozenset([160, 146])
(6, 4): 29
(3, 2): 1
(5, 5): 5
(4, 5): 4
(3, 4): 1
(4, 4): 3
(5, 4): 7
(1, 4): 4
(6, 2): 5
(4, 3): 4
(5, 2): 2
(2, 4): 5
(6, 5): 5
(5, 3): 1
Hyperedge: frozenset([236, 205])
(6, 4): 14
(5, 4): 16
(5, 5): 9
(6, 6): 5
(4, 5): 1
(4, 4): 1
(6, 3): 8
(3, 3): 1
(2, 5): 1
(2, 4): 1
(6, 5): 24
(3, 5): 2
Hyperedge: frozenset([104, 130, 102])
(2, 3, 6): 1
(5, 6, 5): 1
(5, 6, 6): 9
(6, 2, 5): 1
(2, 6, 6): 8
(6, 5, 6): 1
(5, 5, 5): 8
(2, 6, 5): 5
(3, 6, 6): 1
(5, 5, 4): 3
(6, 5, 4): 4
(2, 5, 2): 2
(5, 3, 6): 2
(5, 5, 3): 2
(5, 5, 6): 5
(2, 6, 2): 3
(4, 5, 3): 1
(2, 4, 6): 1
(6, 5, 3): 2
(4, 5, 4): 2
(4, 5, 5): 12
(2, 5, 6): 2
(4, 5, 6): 22
(4, 4, 6): 5
(4, 2, 6): 1
(6, 6, 6): 10
(4, 3, 6): 4
(6, 6, 5): 2
(3, 5, 6): 3
(6, 5, 5): 6
(3, 5, 5): 1
(2, 2, 6): 1
Hyperedge: frozenset([177, 197])
(1, 2): 5
(3, 2): 3
(2, 6): 39
(4, 6): 16
(6, 6): 22
(5, 6): 12
(6, 3): 1
(1, 5): 1
(1, 3): 1
(1, 6): 1
(3, 6): 14
(2, 2): 3
(6, 2): 3
(4, 2): 3
(2, 5): 1
(5, 2): 3
(1, 1): 2
(5, 5): 1
Hyperedge: frozenset([105, 107, 87])
(5, 2, 6): 1
(4, 6, 6): 4
(6, 3, 4): 1
(6, 4, 5): 13
(6, 3, 5): 4
(4, 3, 2): 3
(6, 4, 4): 7
(5, 5, 1): 3
(5, 5, 6): 1
(5, 6, 5): 11
(3, 5, 2): 2
(3, 4, 2): 1
(6, 4, 6): 1
(2, 3, 2): 6
(3, 3, 2): 3
(3, 2, 2): 3
(2, 4, 2): 1
(2, 6, 5): 3
(3, 6, 6): 1
(2, 5, 5): 3
(6, 2, 2): 1
(2, 6, 4): 1
(6, 5, 4): 1
(3, 2, 3): 1
(6, 5, 5): 4
(3, 3, 6): 4
(2, 6, 2): 1
(3, 6, 2): 2
(6, 6, 2): 1
(2, 5, 6): 2
(5, 2, 5): 3
(5, 3, 2): 1
(4, 5, 6): 1
(5, 4, 5): 2
(2, 5, 4): 1
(5, 5, 2): 2
(5, 2, 4): 1
(6, 6, 5): 14
(5, 3, 6): 1
(5, 6, 1): 4
(2, 3, 4): 1
(5, 3, 5): 4
(6, 2, 4): 1
Hyperedge: frozenset([80, 82, 76])
(3, 5, 4): 1
(4, 3, 5): 1
(5, 3, 4): 1
(3, 5, 2): 4
(3, 4, 2): 4
(3, 3, 2): 3
(5, 4, 4): 1
(2, 4, 2): 1
(6, 4, 3): 1
(6, 5, 4): 1
(6, 4, 2): 4
(5, 3, 6): 1
(4, 5, 2): 1
(6, 5, 2): 1
(4, 5, 3): 5
(2, 4, 6): 2
(5, 4, 6): 1
(4, 5, 4): 9
(5, 3, 2): 1
(4, 5, 6): 5
(4, 4, 4): 2
(3, 5, 6): 1
Hyperedge: frozenset([105, 90])
(6, 4): 5
(5, 4): 10
(2, 6): 5
(5, 5): 7
(6, 6): 21
(5, 6): 16
(4, 4): 2
(4, 6): 3
(6, 3): 5
(4, 5): 1
(2, 3): 5
(4, 3): 3
(2, 2): 5
(3, 3): 4
(2, 5): 2
(5, 3): 4
(3, 4): 11
(2, 4): 2
(6, 5): 18
(3, 5): 2
Hyperedge: frozenset([161, 145])
(6, 4): 3
(2, 6): 14
(5, 5): 2
(6, 6): 16
(5, 6): 4
(5, 2): 7
(4, 4): 3
(4, 6): 1
(6, 3): 8
(1, 5): 1
(6, 2): 4
(1, 6): 1
(3, 6): 8
(4, 2): 1
(3, 3): 10
(2, 5): 10
(3, 4): 21
(6, 5): 10
(3, 5): 1
Hyperedge: frozenset([202, 204])
(6, 4): 4
(5, 4): 10
(4, 6): 21
(5, 5): 12
(6, 6): 7
(5, 6): 20
(4, 5): 7
(2, 6): 1
(3, 6): 32
(6, 2): 1
(4, 3): 4
(3, 5): 5
(5, 2): 1
(6, 5): 3
(5, 3): 2
Hyperedge: frozenset([80, 76, 77])
(6, 2, 5): 1
(4, 4, 6): 1
(4, 2, 2): 1
(3, 6, 5): 6
(2, 2, 6): 1
(3, 4, 3): 1
(5, 4, 2): 2
(3, 3, 5): 1
(4, 3, 6): 1
(3, 2, 6): 2
(4, 2, 5): 2
(4, 6, 6): 5
(6, 4, 3): 1
(4, 6, 4): 1
(4, 4, 3): 7
(6, 3, 2): 1
(6, 2, 6): 3
(5, 6, 2): 1
(5, 6, 4): 1
(4, 4, 2): 2
Hyperedge: frozenset([117, 127])
(6, 4): 3
(5, 4): 11
(4, 6): 4
(4, 5): 9
(5, 2): 1
(4, 4): 21
(5, 5): 15
(6, 3): 1
(5, 6): 10
(3, 3): 1
(3, 6): 1
(4, 2): 6
(4, 3): 2
(5, 3): 28
(3, 4): 7
(2, 4): 2
(6, 5): 1
(3, 5): 7
Hyperedge: frozenset([230, 231])
(6, 4): 8
(5, 4): 5
(5, 5): 6
(4, 5): 7
(4, 4): 29
(6, 3): 5
(6, 2): 1
(4, 3): 2
(2, 5): 2
(3, 5): 4
(3, 4): 9
(6, 5): 3
(3, 3): 1
Hyperedge: frozenset([128, 106])
(6, 6): 12
(5, 6): 5
(5, 4): 13
(6, 2): 3
(5, 1): 1
(2, 5): 4
(3, 3): 3
(4, 4): 8
(6, 3): 8
(3, 6): 3
(2, 2): 1
(3, 5): 2
(6, 4): 1
(3, 2): 9
(2, 6): 5
(4, 5): 2
(2, 3): 1
(4, 2): 3
(6, 5): 6
(5, 5): 16
(5, 3): 10
(4, 6): 1
(3, 4): 3
(4, 3): 9
(5, 2): 2
Hyperedge: frozenset([107, 84, 117])
(4, 3, 4): 1
(5, 5, 4): 1
(6, 3, 4): 1
(5, 6, 3): 1
(6, 4, 5): 1
(5, 6, 4): 6
(6, 4, 4): 2
(5, 6, 5): 9
(6, 2, 3): 1
(3, 4, 2): 1
(6, 2, 4): 1
(5, 6, 6): 2
(5, 5, 5): 1
(2, 6, 5): 2
(3, 6, 6): 3
(3, 3, 4): 2
(2, 6, 4): 2
(6, 5, 4): 2
(2, 4, 4): 1
(2, 6, 3): 4
(6, 5, 5): 3
(3, 6, 4): 8
(3, 6, 5): 7
(6, 6, 3): 4
(6, 5, 3): 1
(3, 5, 3): 2
(3, 6, 3): 3
(3, 2, 4): 1
(2, 5, 4): 1
(2, 5, 5): 1
(4, 6, 5): 21
(4, 4, 4): 1
(6, 6, 5): 19
(4, 6, 4): 2
(6, 6, 4): 6
Hyperedge: frozenset([64, 58, 173])
(3, 4, 6): 5
(4, 6, 6): 3
(2, 2, 5): 1
(2, 3, 6): 2
(3, 5, 4): 1
(3, 4, 2): 4
(3, 4, 3): 1
(2, 6, 6): 15
(6, 5, 6): 1
(4, 5, 3): 2
(2, 4, 2): 2
(3, 6, 6): 12
(2, 5, 2): 1
(3, 6, 5): 8
(2, 4, 6): 9
(2, 5, 1): 1
(3, 5, 3): 1
(3, 6, 3): 3
(2, 5, 6): 23
(3, 5, 2): 7
(4, 5, 6): 10
(4, 4, 6): 2
(2, 5, 5): 3
(2, 2, 6): 4
(3, 5, 6): 8
(3, 5, 5): 1
(4, 4, 2): 1
Hyperedge: frozenset([209, 172, 198])
(5, 5, 2): 1
Hyperedge: frozenset([90, 92, 103])
(4, 3, 4): 1
(3, 4, 6): 1
(3, 5, 6): 1
(6, 3, 4): 2
(5, 6, 3): 1
(6, 4, 5): 14
(6, 3, 5): 2
(4, 3, 2): 1
(6, 3, 6): 7
(4, 3, 3): 2
(5, 6, 6): 1
(6, 4, 6): 2
(5, 5, 3): 5
(3, 4, 3): 3
(4, 5, 6): 6
(2, 4, 3): 1
(3, 4, 2): 1
(6, 5, 6): 4
(4, 5, 3): 2
(5, 5, 5): 2
(5, 5, 4): 1
(6, 4, 2): 1
(6, 5, 5): 6
(3, 3, 3): 2
(3, 3, 6): 5
(4, 3, 5): 2
(3, 6, 5): 1
(5, 4, 6): 2
(3, 5, 3): 1
(4, 5, 5): 4
(3, 6, 2): 1
(5, 4, 4): 1
(4, 4, 6): 1
(5, 4, 5): 4
(2, 5, 3): 4
(4, 4, 5): 4
(5, 3, 5): 1
(4, 2, 5): 1
(4, 5, 4): 1
(6, 3, 1): 1
(4, 3, 6): 5
(6, 6, 5): 3
(5, 3, 6): 11
(3, 4, 5): 2
(3, 5, 5): 3
(6, 3, 3): 3
Hyperedge: frozenset([65, 67])
(6, 4): 12
(5, 5): 29
(6, 6): 2
(5, 6): 3
(4, 4): 4
(6, 3): 8
(4, 5): 15
(6, 2): 1
(2, 3): 1
(4, 3): 2
(2, 5): 8
(5, 2): 8
(2, 4): 1
(6, 5): 37
Hyperedge: frozenset([168, 217, 167])
(4, 5, 2): 1
(2, 2, 4): 34
(5, 6, 4): 2
(5, 6, 5): 1
(5, 1, 4): 5
(6, 2, 6): 1
(6, 2, 5): 7
(5, 2, 3): 3
(5, 1, 6): 1
(4, 5, 6): 11
(6, 2, 3): 2
(4, 1, 4): 2
(5, 5, 4): 8
(2, 6, 4): 13
(4, 1, 6): 4
(5, 1, 2): 1
(4, 2, 5): 3
(4, 2, 4): 3
(2, 2, 3): 1
(4, 1, 2): 1
(3, 2, 5): 5
(2, 5, 4): 3
(4, 2, 6): 1
(4, 6, 5): 1
(5, 2, 4): 11
(4, 6, 4): 3
(5, 2, 5): 2
Hyperedge: frozenset([234, 68, 218])
(4, 6, 6): 2
(6, 3, 4): 5
(5, 6, 3): 2
(6, 4, 5): 1
(4, 3, 2): 1
(5, 3, 4): 1
(6, 4, 6): 1
(5, 5, 3): 3
(6, 2, 3): 1
(2, 6, 4): 1
(6, 5, 4): 3
(2, 6, 3): 6
(3, 6, 4): 1
(2, 5, 3): 1
(3, 3, 6): 3
(6, 5, 2): 2
(3, 6, 5): 1
(6, 6, 3): 9
(6, 5, 3): 1
(4, 5, 4): 1
(6, 6, 2): 2
(5, 3, 3): 3
(3, 6, 3): 2
(4, 6, 3): 2
(2, 5, 4): 1
(6, 6, 6): 8
(4, 6, 5): 2
(4, 3, 6): 1
(6, 6, 5): 6
(4, 6, 4): 1
(6, 6, 4): 7
Hyperedge: frozenset([100, 135])
(6, 4): 9
(3, 2): 3
(4, 6): 4
(5, 5): 6
(6, 6): 5
(5, 6): 1
(6, 3): 5
(4, 5): 1
(2, 3): 1
(3, 6): 10
(4, 2): 1
(2, 5): 3
(3, 5): 21
(6, 5): 57
(3, 3): 3
Hyperedge: frozenset([136, 145])
(6, 4): 2
(5, 4): 3
(5, 5): 4
(4, 5): 20
(3, 4): 2
(4, 4): 20
(6, 3): 3
(5, 6): 9
(6, 2): 1
(3, 3): 6
(3, 6): 6
(4, 2): 7
(5, 3): 9
(5, 2): 4
(4, 6): 27
Hyperedge: frozenset([154, 157])
(6, 5): 4
Hyperedge: frozenset([136, 140, 143])
(3, 4, 6): 8
(4, 2, 2): 1
(4, 3, 5): 1
(4, 6, 6): 1
(6, 3, 6): 1
(3, 4, 2): 2
(6, 4, 6): 1
(5, 5, 2): 11
(6, 5, 6): 1
(5, 4, 2): 3
(3, 5, 6): 2
(4, 5, 2): 32
(5, 5, 6): 11
(6, 5, 2): 2
(5, 4, 6): 4
(3, 5, 2): 1
(4, 5, 6): 18
(4, 4, 6): 8
(4, 6, 2): 3
(3, 3, 2): 1
(4, 6, 5): 1
(4, 3, 6): 4
(5, 3, 6): 3
(6, 3, 2): 1
(4, 4, 2): 7
Hyperedge: frozenset([96, 100])
(5, 4): 6
(4, 6): 35
(6, 6): 5
(5, 6): 32
(5, 5): 5
(6, 3): 3
(4, 5): 2
(2, 3): 1
(3, 6): 5
(4, 2): 3
(5, 2): 1
(5, 3): 33
Hyperedge: frozenset([64, 173, 199])
(4, 3, 4): 2
(3, 5, 4): 4
(2, 2, 5): 3
(4, 6, 6): 3
(3, 3, 2): 1
(2, 6, 6): 2
(3, 3, 5): 1
(2, 6, 5): 51
(3, 6, 6): 5
(3, 3, 4): 1
(4, 6, 4): 7
(3, 6, 4): 9
(3, 3, 6): 2
(3, 6, 5): 11
(2, 1, 5): 1
(4, 2, 5): 1
(4, 6, 3): 3
(3, 2, 5): 11
(2, 5, 5): 4
(4, 6, 5): 2
(3, 4, 4): 1
(6, 6, 5): 1
(3, 5, 6): 2
(3, 5, 5): 3
Hyperedge: frozenset([108, 85])
(6, 4): 4
(6, 5): 1
(4, 6): 1
(4, 3): 1
(5, 3): 1
Hyperedge: frozenset([233, 71])
(6, 4): 34
(5, 4): 1
(5, 5): 1
(6, 6): 1
(6, 3): 7
(6, 2): 1
(2, 2): 1
(2, 5): 6
(2, 4): 7
(6, 5): 19
Hyperedge: frozenset([88, 105])
(6, 6): 15
(5, 6): 8
(6, 2): 3
(1, 6): 1
(2, 5): 1
(1, 2): 1
(5, 5): 25
(4, 4): 4
(6, 3): 13
(3, 6): 1
(2, 2): 14
(5, 3): 2
(6, 4): 3
(5, 4): 1
(2, 6): 11
(4, 5): 1
(2, 3): 1
(6, 5): 5
(3, 5): 5
(4, 6): 13
(4, 3): 1
(5, 2): 1
(2, 4): 1
Hyperedge: frozenset([82, 76, 183])
(4, 2, 5): 5
(3, 6, 4): 1
(5, 2, 3): 1
(5, 6, 3): 1
(5, 2, 5): 4
(5, 3, 5): 1
(4, 5, 3): 1
(5, 3, 3): 1
(4, 2, 3): 4
(3, 5, 3): 1
(5, 3, 4): 3
(5, 6, 5): 5
(5, 4, 5): 7
(5, 2, 4): 1
(5, 4, 3): 2
(3, 2, 5): 4
(5, 4, 4): 2
Hyperedge: frozenset([165, 174])
(2, 5): 3
Hyperedge: frozenset([96, 132])
(5, 3): 1
(4, 6): 14
(6, 6): 6
(5, 6): 17
(4, 1): 2
(5, 4): 3
(4, 5): 17
(3, 6): 1
(5, 1): 1
(4, 2): 7
(3, 5): 4
(5, 2): 35
(2, 4): 1
(6, 5): 2
(5, 5): 20
Hyperedge: frozenset([131, 133])
(6, 4): 18
(5, 4): 12
(5, 5): 1
(6, 6): 1
(4, 5): 1
(5, 2): 2
(4, 4): 4
(6, 3): 20
(5, 6): 4
(6, 2): 2
(4, 3): 2
(3, 3): 1
(2, 5): 1
(3, 5): 2
(3, 4): 5
(2, 4): 5
(6, 5): 7
(5, 3): 33
Hyperedge: frozenset([244, 108, 126])
(5, 4, 5): 1
(4, 6, 5): 3
(4, 4, 4): 1
Hyperedge: frozenset([196, 221, 174])
(5, 2, 5): 1
(4, 2, 5): 2
Hyperedge: frozenset([121, 127])
(4, 2): 1
(5, 5): 3
Hyperedge: frozenset([64, 58, 92])
(3, 5, 4): 3
(2, 2, 5): 3
(2, 2, 4): 1
(3, 4, 3): 5
(2, 4, 3): 2
(4, 5, 3): 2
(2, 6, 5): 12
(2, 4, 5): 3
(2, 6, 4): 2
(6, 5, 4): 1
(2, 5, 2): 1
(2, 4, 4): 4
(2, 6, 3): 1
(4, 6, 4): 1
(3, 6, 4): 8
(2, 5, 3): 7
(3, 6, 5): 1
(2, 4, 6): 2
(4, 5, 4): 9
(3, 5, 3): 12
(3, 6, 3): 14
(2, 5, 6): 2
(4, 6, 3): 1
(4, 4, 6): 1
(2, 5, 4): 2
(2, 5, 5): 16
(4, 6, 5): 1
(4, 4, 4): 1
(3, 4, 4): 3
(3, 5, 6): 1
(4, 4, 3): 1
(3, 4, 5): 2
(2, 3, 4): 2
(3, 5, 5): 1
(2, 2, 6): 1
(4, 5, 5): 1
Hyperedge: frozenset([242, 243])
(2, 6): 1
(6, 1): 3
(3, 1): 21
(2, 1): 6
(5, 1): 22
(4, 1): 26
Hyperedge: frozenset([72, 76, 191])
(4, 6, 4): 1
Hyperedge: frozenset([163, 140, 143])
(5, 5, 6): 7
(6, 5, 2): 40
(5, 5, 2): 6
(5, 6, 5): 1
(6, 5, 6): 27
(2, 4, 6): 1
(6, 3, 5): 1
(5, 4, 6): 5
(2, 4, 2): 1
(6, 6, 2): 3
(6, 3, 6): 5
(6, 2, 2): 1
(2, 5, 6): 1
(6, 3, 2): 2
(6, 4, 2): 11
(5, 6, 6): 1
(5, 3, 6): 3
(6, 4, 6): 15
Hyperedge: frozenset([66, 197, 69])
(5, 6, 2): 1
(6, 3, 4): 1
(5, 6, 3): 1
(5, 6, 4): 1
(5, 6, 5): 5
(6, 2, 6): 1
(5, 6, 6): 1
(6, 2, 5): 10
(6, 2, 4): 2
(2, 6, 6): 1
(3, 3, 5): 1
(3, 6, 6): 6
(2, 6, 4): 5
(1, 6, 4): 1
(6, 5, 5): 3
(3, 6, 4): 5
(2, 6, 2): 1
(3, 6, 5): 4
(6, 6, 3): 7
(6, 6, 2): 1
(4, 2, 5): 1
(3, 6, 3): 1
(4, 2, 4): 5
(6, 1, 5): 2
(4, 6, 3): 4
(6, 6, 6): 8
(4, 6, 5): 3
(6, 6, 5): 30
(4, 6, 4): 9
(5, 2, 5): 1
(6, 6, 4): 9
Hyperedge: frozenset([66, 237, 87])
(5, 6, 2): 1
(4, 3, 5): 2
(6, 4, 5): 9
(6, 3, 5): 2
(6, 4, 4): 1
(5, 5, 1): 4
(3, 4, 2): 3
(6, 4, 6): 5
(6, 5, 6): 4
(3, 3, 5): 3
(3, 3, 4): 1
(6, 5, 4): 1
(6, 4, 2): 1
(6, 5, 5): 6
(4, 5, 2): 1
(5, 5, 6): 1
(6, 5, 2): 13
(3, 6, 5): 1
(2, 4, 6): 2
(5, 4, 6): 1
(6, 6, 2): 9
(6, 5, 1): 3
(5, 4, 5): 1
(6, 6, 6): 2
(3, 4, 5): 2
(3, 5, 5): 1
(6, 3, 3): 1
Hyperedge: frozenset([65, 62, 89])
(6, 3, 6): 1
(2, 6, 4): 1
Hyperedge: frozenset([66, 199])
(6, 4): 10
(4, 3): 1
(2, 6): 2
(5, 5): 8
(6, 6): 4
(4, 5): 9
(4, 4): 6
(1, 4): 1
(4, 6): 5
(5, 6): 2
(2, 3): 2
(3, 6): 1
(4, 2): 1
(2, 5): 1
(3, 4): 5
(2, 4): 2
(6, 5): 60
(3, 5): 11
Hyperedge: frozenset([235, 84, 237, 69])
(6, 5, 4, 5): 2
(6, 6, 3, 5): 1
(5, 3, 3, 5): 2
(3, 5, 4, 6): 1
(4, 6, 5, 6): 1
(4, 5, 4, 5): 1
(6, 3, 4, 2): 1
(4, 5, 4, 6): 1
(5, 5, 4, 6): 3
(6, 3, 3, 6): 1
(2, 2, 6, 5): 1
(6, 5, 4, 6): 3
(6, 6, 4, 6): 2
(5, 3, 6, 6): 1
(3, 4, 4, 5): 1
(4, 4, 5, 5): 1
(3, 5, 4, 2): 2
(4, 2, 6, 5): 1
(6, 6, 6, 3): 1
(3, 4, 3, 5): 1
(3, 6, 5, 3): 2
(6, 4, 3, 5): 2
(5, 6, 5, 5): 3
(4, 6, 3, 5): 1
(3, 6, 5, 5): 1
(5, 5, 5, 6): 1
(2, 6, 4, 5): 6
(6, 2, 5, 5): 1
(2, 6, 5, 5): 5
(5, 4, 6, 3): 1
(6, 6, 5, 5): 6
(4, 6, 5, 5): 11
(6, 6, 5, 6): 1
(4, 6, 6, 5): 4
(3, 6, 6, 5): 3
(2, 5, 4, 5): 1
(3, 6, 6, 6): 1
Hyperedge: frozenset([218, 211, 68, 198])
(2, 4, 3, 6): 1
(5, 4, 6, 2): 6
(3, 5, 3, 6): 2
(6, 4, 4, 6): 1
(5, 4, 5, 5): 1
(4, 4, 5, 4): 1
(6, 5, 6, 6): 3
(6, 4, 6, 2): 4
(4, 3, 6, 2): 1
(3, 5, 4, 6): 1
(6, 4, 6, 5): 1
(5, 4, 6, 5): 1
(3, 4, 5, 2): 2
(3, 4, 2, 2): 1
(5, 4, 6, 6): 2
(4, 4, 6, 6): 6
(4, 4, 6, 5): 1
(3, 4, 6, 5): 2
(3, 4, 6, 6): 8
(3, 4, 6, 2): 7
(4, 4, 3, 6): 2
(4, 3, 5, 2): 2
(3, 5, 6, 5): 1
(4, 4, 5, 6): 2
(3, 5, 4, 5): 1
(3, 2, 6, 2): 2
(3, 4, 3, 6): 1
(2, 5, 5, 2): 1
(4, 5, 3, 6): 4
(6, 6, 3, 2): 1
(3, 5, 6, 2): 1
(5, 4, 4, 2): 1
(2, 4, 5, 2): 1
(6, 4, 6, 6): 2
(2, 4, 6, 6): 2
(3, 4, 5, 6): 3
(6, 4, 3, 2): 3
(3, 3, 5, 2): 1
(4, 4, 6, 2): 3
Hyperedge: frozenset([67, 172, 206])
(5, 2, 6): 2
(4, 6, 6): 1
(5, 6, 3): 3
(5, 6, 4): 18
(5, 6, 5): 19
(5, 6, 6): 8
(6, 2, 5): 3
(5, 2, 3): 2
(5, 5, 5): 17
(2, 6, 5): 2
(5, 5, 4): 10
(2, 6, 4): 2
(2, 6, 3): 2
(5, 5, 3): 3
(3, 6, 5): 7
(4, 5, 4): 1
(4, 5, 5): 2
(2, 5, 6): 1
(2, 2, 3): 2
(4, 5, 6): 1
(3, 2, 5): 2
(3, 5, 5): 2
(4, 6, 5): 11
(5, 2, 4): 3
(6, 6, 5): 2
(5, 2, 5): 4
(4, 2, 3): 1
Hyperedge: frozenset([202, 203])
(6, 4): 8
(5, 4): 27
(4, 1): 1
(3, 2): 1
(4, 6): 20
(6, 6): 4
(4, 5): 7
(5, 2): 1
(4, 4): 3
(5, 5): 6
(3, 6): 22
(6, 3): 2
(5, 6): 8
(2, 3): 1
(4, 3): 1
(3, 3): 2
(3, 5): 2
(3, 4): 10
(6, 5): 1
(5, 3): 4
Hyperedge: frozenset([144, 164, 101, 133])
(5, 6, 2, 4): 1
(5, 4, 4, 3): 4
(6, 6, 3, 5): 1
(2, 6, 5, 2): 1
(5, 2, 4, 4): 1
(5, 3, 4, 3): 1
(4, 6, 4, 3): 1
(3, 6, 4, 3): 1
(3, 6, 3, 3): 2
(5, 2, 5, 5): 1
(5, 5, 4, 6): 1
(5, 6, 6, 4): 3
(2, 3, 4, 3): 1
(5, 5, 2, 4): 1
(6, 6, 4, 3): 1
(5, 6, 4, 3): 4
(4, 6, 3, 4): 3
(2, 3, 2, 3): 1
(6, 6, 4, 6): 1
(5, 6, 4, 4): 7
(2, 6, 3, 4): 2
(6, 4, 4, 4): 1
(5, 1, 5, 3): 1
(5, 6, 3, 4): 4
(4, 6, 4, 2): 1
(3, 6, 4, 4): 4
(6, 6, 5, 4): 5
(5, 6, 6, 3): 2
(3, 6, 3, 2): 1
(6, 6, 6, 5): 1
(3, 6, 5, 6): 1
(5, 6, 5, 3): 18
(2, 6, 4, 3): 1
(5, 6, 5, 5): 3
(5, 5, 5, 3): 2
(3, 6, 5, 5): 1
(5, 5, 4, 3): 2
(5, 6, 4, 5): 2
(5, 6, 4, 6): 2
(3, 2, 4, 4): 1
(2, 6, 4, 5): 1
(6, 6, 3, 4): 2
(2, 6, 5, 5): 1
(5, 6, 5, 4): 4
(5, 4, 4, 4): 1
(4, 5, 2, 5): 1
(6, 6, 5, 5): 1
(3, 6, 4, 2): 1
(5, 2, 5, 3): 2
(6, 6, 5, 3): 1
(2, 6, 6, 4): 1
(6, 6, 3, 3): 1
(3, 6, 5, 4): 2
(6, 6, 4, 4): 1
Hyperedge: frozenset([82, 117])
(5, 4): 21
(2, 6): 3
(5, 5): 6
(4, 5): 13
(4, 4): 8
(4, 6): 1
(5, 6): 1
(4, 3): 8
(2, 2): 1
(3, 3): 2
(3, 5): 42
(3, 4): 5
(6, 5): 1
(5, 3): 5
Hyperedge: frozenset([160, 154])
(6, 4): 3
(5, 4): 4
(4, 6): 8
(6, 6): 9
(5, 6): 5
(4, 4): 8
(3, 2): 1
(1, 6): 4
(4, 5): 12
(3, 3): 1
(4, 3): 1
(4, 2): 1
(2, 5): 5
(5, 3): 4
(3, 4): 7
(2, 4): 3
(6, 5): 25
(5, 5): 11
Hyperedge: frozenset([232, 229, 70])
(3, 4, 6): 1
(2, 3, 5): 1
(4, 3, 5): 4
(6, 4, 5): 1
(6, 3, 5): 5
(4, 3, 2): 1
(4, 3, 3): 1
(4, 3, 1): 1
(6, 5, 6): 1
(5, 5, 5): 10
(3, 6, 6): 1
(6, 5, 5): 3
(4, 5, 2): 1
(5, 5, 6): 1
(3, 6, 5): 2
(6, 5, 3): 1
(4, 5, 4): 1
(4, 5, 5): 13
(4, 5, 6): 1
(4, 4, 6): 1
(4, 4, 5): 3
(4, 6, 5): 5
(4, 4, 4): 1
(3, 4, 4): 1
(3, 4, 5): 5
(4, 4, 2): 3
Hyperedge: frozenset([129, 107, 105])
(5, 6, 2): 1
(5, 2, 6): 1
(5, 3, 4): 2
(2, 2, 5): 1
(4, 3, 5): 2
(2, 3, 6): 1
(4, 5, 5): 2
(4, 3, 2): 2
(6, 6, 6): 3
(4, 6, 6): 8
(6, 3, 6): 2
(5, 6, 5): 11
(5, 6, 6): 1
(6, 4, 6): 2
(3, 3, 2): 2
(5, 4, 6): 11
(2, 6, 6): 2
(6, 5, 6): 1
(5, 6, 3): 3
(3, 6, 6): 1
(3, 3, 5): 1
(5, 4, 2): 1
(6, 5, 4): 1
(5, 4, 3): 1
(2, 5, 2): 1
(3, 5, 6): 1
(4, 5, 2): 1
(3, 3, 6): 1
(3, 6, 5): 2
(2, 4, 6): 3
(3, 2, 6): 1
(5, 5, 2): 4
(3, 5, 3): 1
(5, 2, 5): 3
(5, 6, 4): 3
(4, 5, 3): 1
(3, 2, 3): 4
(5, 3, 2): 3
(4, 5, 6): 3
(6, 6, 2): 2
(4, 4, 6): 1
(3, 2, 5): 1
(4, 6, 2): 2
(4, 4, 5): 1
(5, 5, 5): 4
(5, 3, 3): 1
(3, 4, 6): 4
(6, 6, 5): 2
(5, 3, 6): 1
(4, 3, 3): 1
(3, 4, 5): 1
(2, 3, 4): 1
(6, 6, 4): 1
(5, 3, 5): 3
(2, 3, 3): 2
(6, 3, 3): 3
Hyperedge: frozenset([184, 76, 183])
Hyperedge: frozenset([132, 134])
(6, 4): 3
(5, 4): 10
(2, 6): 3
(5, 5): 3
(6, 6): 6
(5, 6): 11
(1, 4): 1
(6, 3): 15
(4, 5): 4
(1, 3): 2
(2, 3): 11
(6, 2): 1
(2, 5): 11
(3, 5): 1
(2, 4): 17
(6, 5): 13
(5, 3): 19
Hyperedge: frozenset([169, 172, 167])
(3, 5, 4): 5
(5, 6, 3): 3
(5, 6, 4): 6
(4, 6, 6): 9
(5, 6, 5): 3
(5, 6, 6): 7
(5, 5, 4): 2
(6, 5, 4): 2
(3, 2, 3): 2
(3, 6, 4): 4
(4, 5, 3): 1
(4, 5, 4): 25
(4, 2, 5): 6
(4, 5, 5): 2
(4, 2, 4): 2
(3, 2, 5): 6
(4, 6, 2): 2
(6, 6, 6): 1
(4, 6, 5): 2
(4, 2, 2): 1
(5, 2, 4): 1
(4, 6, 4): 20
(5, 2, 5): 1
Hyperedge: frozenset([68, 211, 236])
(3, 4, 6): 3
(3, 5, 4): 1
(6, 4, 5): 13
(6, 3, 6): 1
(6, 2, 6): 2
(6, 4, 6): 29
(6, 5, 6): 5
(5, 5, 5): 1
(3, 6, 6): 1
(6, 4, 3): 2
(6, 4, 2): 1
(3, 5, 6): 1
(2, 4, 6): 1
(5, 4, 6): 5
(3, 5, 3): 1
(5, 3, 2): 1
(4, 4, 6): 2
(5, 4, 5): 4
(3, 5, 5): 3
(3, 4, 4): 1
(5, 3, 6): 1
(3, 4, 5): 3
(5, 3, 5): 1
Hyperedge: frozenset([177, 162, 179])
(4, 3, 4): 2
(2, 3, 5): 1
(5, 3, 4): 2
(2, 2, 5): 1
(5, 6, 3): 1
(2, 3, 6): 2
(2, 2, 4): 6
(3, 5, 4): 3
(4, 3, 3): 1
(6, 2, 3): 4
(2, 4, 1): 3
(1, 1, 2): 1
(2, 2, 3): 2
(6, 4, 6): 1
(5, 5, 3): 9
(3, 1, 6): 1
(5, 5, 2): 1
(2, 4, 3): 1
(3, 3, 5): 1
(3, 1, 4): 3
(2, 6, 5): 1
(5, 5, 6): 1
(4, 1, 4): 1
(6, 4, 3): 1
(5, 5, 4): 1
(2, 4, 5): 1
(2, 6, 4): 4
(6, 5, 4): 2
(1, 6, 4): 1
(2, 4, 4): 2
(2, 6, 3): 1
(6, 5, 5): 3
(3, 5, 1): 1
(3, 3, 6): 3
(3, 5, 6): 2
(4, 5, 3): 4
(2, 6, 1): 1
(6, 5, 3): 13
(5, 4, 6): 1
(1, 2, 3): 2
(4, 5, 5): 3
(1, 2, 4): 2
(2, 5, 4): 1
(1, 5, 5): 1
(2, 5, 1): 1
(4, 5, 6): 1
(4, 6, 3): 1
(1, 5, 4): 2
(6, 2, 5): 2
(1, 2, 6): 1
(2, 2, 1): 11
(4, 2, 3): 1
(4, 6, 5): 2
(4, 4, 4): 2
(4, 6, 4): 1
(2, 3, 4): 2
(3, 5, 5): 3
Hyperedge: frozenset([211, 207])
(6, 4): 1
(5, 4): 9
(4, 1): 5
(3, 1): 1
(4, 6): 6
(4, 5): 18
(5, 2): 2
(4, 4): 42
(5, 5): 6
(3, 6): 2
(5, 6): 20
(4, 3): 5
(4, 2): 4
(5, 1): 2
(5, 3): 1
(3, 4): 3
(2, 4): 2
(3, 5): 2
Hyperedge: frozenset([232, 73])
(4, 2): 1
(2, 6): 1
(6, 2): 1
(6, 6): 1
Hyperedge: frozenset([106, 244, 126])
(3, 4, 6): 1
(3, 6, 4): 4
(4, 3, 5): 1
(5, 6, 4): 1
(6, 4, 4): 3
(5, 5, 3): 1
(4, 5, 6): 3
(2, 6, 6): 3
(6, 5, 6): 1
(5, 6, 3): 1
(5, 5, 5): 1
(3, 6, 6): 2
(5, 5, 4): 2
(2, 6, 4): 7
(6, 5, 4): 7
(6, 4, 2): 1
(2, 6, 3): 2
(6, 5, 5): 3
(4, 5, 2): 1
(2, 5, 3): 2
(3, 3, 6): 3
(3, 6, 5): 1
(6, 6, 3): 2
(6, 5, 3): 2
(4, 5, 4): 3
(5, 4, 5): 3
(2, 5, 6): 1
(3, 5, 2): 1
(5, 4, 4): 1
(3, 2, 5): 1
(2, 5, 4): 1
(6, 6, 6): 1
(4, 4, 2): 1
(4, 3, 6): 1
(6, 6, 5): 1
(3, 5, 6): 2
(5, 2, 5): 1
(6, 6, 4): 1
(3, 5, 5): 1
(2, 2, 6): 1
Hyperedge: frozenset([65, 203, 239])
(2, 3, 5): 1
(4, 4, 6): 1
(5, 4, 5): 5
(4, 3, 5): 2
(5, 6, 5): 1
(5, 3, 5): 3
(4, 5, 5): 1
(4, 6, 5): 3
(5, 5, 5): 5
(4, 4, 5): 1
(6, 4, 3): 1
(5, 3, 6): 1
(2, 4, 5): 1
(5, 4, 3): 1
(5, 6, 6): 1
(5, 4, 4): 1
(2, 4, 3): 3
(6, 5, 5): 1
Hyperedge: frozenset([188, 190])
(2, 5): 1
(3, 5): 1
Hyperedge: frozenset([161, 163, 143])
(5, 6, 2): 8
(4, 6, 6): 3
(6, 2, 6): 1
(5, 6, 6): 3
(2, 6, 6): 8
(6, 5, 6): 1
(3, 6, 6): 22
(2, 5, 2): 2
(5, 5, 6): 2
(2, 6, 2): 13
(6, 5, 2): 3
(3, 6, 5): 1
(3, 6, 2): 4
(6, 6, 2): 31
(3, 2, 6): 1
(3, 5, 2): 1
(4, 5, 6): 1
(2, 2, 2): 1
(4, 6, 2): 1
(6, 6, 6): 10
(1, 5, 6): 2
(3, 5, 6): 10
(3, 5, 5): 1
Hyperedge: frozenset([76, 75, 188])
Hyperedge: frozenset([178, 180, 194])
(5, 6, 2): 1
(3, 4, 6): 2
(4, 6, 6): 1
(5, 6, 3): 1
(2, 3, 6): 2
(6, 4, 5): 6
(1, 5, 2): 1
(6, 3, 5): 4
(4, 3, 2): 1
(5, 3, 4): 1
(6, 3, 6): 1
(4, 2, 1): 1
(4, 2, 4): 1
(5, 6, 6): 2
(6, 4, 6): 10
(5, 5, 3): 1
(5, 5, 2): 2
(6, 5, 6): 4
(2, 3, 3): 1
(4, 6, 5): 2
(5, 5, 5): 1
(3, 6, 6): 1
(5, 5, 4): 1
(4, 2, 5): 1
(6, 5, 5): 2
(4, 1, 6): 1
(5, 5, 6): 7
(4, 3, 5): 3
(4, 5, 3): 2
(5, 6, 5): 1
(6, 5, 3): 2
(5, 4, 6): 1
(5, 3, 3): 1
(4, 5, 4): 2
(2, 5, 6): 3
(6, 6, 1): 1
(5, 3, 2): 4
(4, 5, 6): 4
(4, 4, 6): 2
(4, 2, 6): 6
(1, 3, 6): 1
(6, 6, 6): 4
(4, 2, 3): 2
(1, 5, 6): 5
(4, 3, 6): 1
(5, 3, 6): 4
(4, 4, 3): 1
(1, 3, 4): 1
(3, 4, 5): 1
(1, 4, 6): 1
(5, 3, 5): 7
(4, 5, 5): 2
Hyperedge: frozenset([239, 237, 87])
(5, 6, 2): 8
(3, 4, 6): 2
(4, 6, 6): 1
(6, 5, 2): 2
(5, 5, 2): 4
(5, 4, 4): 1
(3, 6, 2): 1
(5, 5, 6): 2
(5, 4, 6): 2
(5, 4, 5): 6
(3, 4, 5): 2
(5, 6, 6): 1
(6, 4, 6): 1
Hyperedge: frozenset([218, 198, 174])
Hyperedge: frozenset([241, 238, 86])
(4, 3, 4): 1
(4, 6, 6): 3
(4, 3, 5): 1
(6, 3, 6): 1
(5, 2, 1): 1
(6, 4, 1): 1
(5, 5, 5): 1
(4, 5, 2): 1
(5, 3, 1): 1
(5, 4, 1): 2
(5, 4, 6): 9
(4, 6, 1): 1
(4, 5, 5): 3
(4, 5, 6): 4
(3, 5, 1): 1
(4, 4, 6): 16
(4, 6, 2): 1
(4, 4, 5): 9
(4, 2, 6): 1
(4, 2, 5): 4
(4, 2, 1): 3
(4, 3, 6): 10
(5, 3, 5): 1
(4, 4, 2): 1
(3, 4, 1): 1
Hyperedge: frozenset([140, 141])
(3, 2): 10
(5, 5): 46
(5, 6): 2
(4, 5): 17
(6, 2): 2
(5, 1): 1
(4, 2): 12
(3, 5): 1
(5, 2): 24
(6, 5): 3
(5, 3): 4
Hyperedge: frozenset([96, 93, 102])
(5, 6, 2): 1
(2, 3, 5): 1
(4, 6, 6): 10
(6, 3, 4): 1
(5, 6, 3): 5
(6, 4, 5): 1
(5, 6, 4): 7
(5, 6, 5): 12
(5, 6, 6): 7
(3, 1, 6): 2
(5, 4, 6): 3
(6, 5, 6): 2
(5, 5, 5): 6
(3, 6, 6): 1
(4, 1, 6): 8
(5, 5, 6): 21
(3, 2, 6): 1
(4, 2, 5): 2
(4, 5, 5): 5
(4, 5, 6): 5
(4, 2, 6): 2
(5, 3, 5): 4
(4, 6, 2): 4
(6, 6, 6): 3
(4, 6, 5): 4
(5, 3, 6): 8
(6, 6, 4): 1
(3, 5, 5): 1
(5, 2, 6): 2
Hyperedge: frozenset([66, 107, 84])
(3, 4, 6): 2
(2, 3, 5): 1
(4, 6, 6): 6
(6, 3, 4): 1
(6, 3, 5): 1
(6, 4, 4): 1
(6, 3, 6): 16
(4, 3, 3): 2
(6, 2, 6): 8
(5, 6, 6): 6
(6, 4, 6): 6
(3, 4, 3): 1
(6, 2, 4): 1
(6, 5, 6): 15
(5, 5, 5): 2
(3, 6, 6): 4
(3, 6, 4): 3
(3, 3, 6): 1
(2, 4, 6): 5
(6, 6, 2): 2
(3, 6, 3): 1
(5, 3, 2): 1
(4, 5, 6): 1
(4, 4, 6): 10
(3, 2, 5): 1
(1, 3, 6): 1
(6, 6, 6): 13
(4, 3, 6): 3
(6, 6, 5): 6
(3, 5, 6): 2
(5, 2, 5): 1
Hyperedge: frozenset([126, 246])
(6, 4): 6
(5, 4): 1
(4, 6): 1
(5, 5): 5
(6, 6): 3
(4, 5): 13
(4, 4): 6
(5, 6): 3
(2, 6): 2
(2, 3): 1
(4, 3): 3
(4, 2): 2
(3, 3): 2
(2, 5): 1
(3, 4): 2
(6, 5): 3
(3, 5): 5
Hyperedge: frozenset([64, 201, 58])
(3, 4, 6): 11
(2, 3, 5): 10
(3, 5, 4): 5
(2, 2, 5): 1
(2, 3, 6): 2
(2, 4, 2): 3
(3, 3, 4): 1
(2, 4, 5): 12
(2, 5, 2): 2
(2, 4, 4): 4
(6, 5, 5): 1
(2, 5, 3): 2
(3, 6, 5): 1
(2, 4, 6): 7
(4, 5, 4): 1
(4, 5, 5): 2
(2, 5, 6): 6
(4, 5, 6): 1
(4, 4, 6): 2
(2, 5, 4): 6
(4, 4, 5): 10
(2, 5, 5): 5
(4, 4, 4): 2
(3, 4, 4): 4
(3, 5, 6): 12
(3, 4, 5): 6
(2, 3, 4): 1
(3, 5, 5): 11
Hyperedge: frozenset([173, 166])
(6, 4): 7
(5, 4): 1
(2, 6): 3
(5, 5): 2
(6, 6): 19
(5, 6): 3
(3, 2): 2
(6, 3): 3
(1, 5): 1
(6, 2): 4
(2, 3): 4
(3, 3): 1
(3, 6): 2
(4, 2): 1
(2, 5): 7
(3, 5): 2
(5, 2): 1
(2, 4): 1
(6, 5): 61
(5, 3): 6
Hyperedge: frozenset([66, 84, 237, 69])
(6, 2, 6, 5): 1
(6, 5, 4, 5): 3
(6, 6, 3, 5): 1
(6, 5, 4, 2): 1
(3, 3, 6, 6): 1
(6, 2, 5, 5): 1
(3, 6, 3, 5): 1
(3, 5, 4, 6): 1
(3, 3, 3, 6): 1
(3, 4, 5, 5): 1
(5, 5, 4, 5): 1
(5, 2, 6, 5): 1
(6, 5, 4, 6): 6
(3, 4, 4, 5): 1
(2, 5, 4, 6): 1
(3, 6, 4, 6): 2
(6, 6, 6, 3): 1
(6, 6, 4, 5): 6
(6, 6, 6, 6): 1
(3, 4, 3, 5): 1
(6, 6, 6, 5): 7
(6, 4, 3, 5): 2
(4, 3, 3, 5): 2
(5, 5, 5, 6): 1
(5, 6, 5, 5): 4
(6, 4, 6, 3): 1
(6, 6, 5, 5): 22
(4, 6, 5, 5): 1
(6, 6, 5, 6): 2
(6, 6, 5, 3): 2
(2, 3, 4, 2): 1
(5, 5, 4, 2): 1
Hyperedge: frozenset([171, 172])
(3, 2): 13
(2, 6): 16
(4, 6): 2
(6, 6): 12
(5, 6): 7
(6, 2): 4
(3, 6): 37
(2, 2): 2
(2, 5): 35
(6, 5): 2
Hyperedge: frozenset([67, 172, 198])
(5, 2, 6): 10
(5, 6, 2): 9
(4, 2, 2): 1
(2, 2, 5): 2
(2, 6, 2): 1
(4, 5, 6): 4
(5, 5, 2): 22
(2, 6, 6): 5
(4, 6, 5): 1
(5, 6, 4): 1
(6, 6, 2): 2
(6, 2, 5): 1
(5, 5, 6): 8
(3, 5, 6): 1
(2, 5, 6): 1
(3, 5, 2): 1
(5, 2, 2): 1
(6, 2, 6): 2
(5, 6, 6): 9
(5, 6, 5): 4
Hyperedge: frozenset([108, 86])
(5, 6): 1
(6, 4): 4
(4, 1): 2
(6, 6): 1
Hyperedge: frozenset([194, 178, 229])
(3, 5, 4): 1
(5, 6, 3): 2
(6, 4, 5): 1
(6, 3, 5): 1
(5, 6, 4): 3
(5, 6, 5): 7
(5, 5, 3): 1
(6, 2, 4): 3
(6, 5, 6): 1
(5, 5, 5): 5
(6, 1, 3): 1
(6, 4, 3): 1
(5, 5, 4): 2
(6, 5, 4): 2
(3, 2, 3): 1
(2, 5, 2): 1
(2, 4, 4): 1
(6, 5, 5): 8
(4, 1, 6): 1
(1, 6, 5): 1
(5, 5, 6): 1
(6, 1, 6): 1
(6, 6, 3): 4
(6, 5, 3): 2
(4, 5, 4): 1
(6, 1, 4): 4
(3, 6, 3): 1
(2, 5, 6): 3
(6, 1, 5): 1
(2, 1, 6): 1
(2, 5, 4): 3
(6, 6, 6): 3
(3, 4, 4): 1
(6, 6, 5): 7
(6, 6, 4): 2
(3, 5, 5): 2
(4, 5, 5): 1
Hyperedge: frozenset([225, 178, 196, 229])
(5, 4, 2, 4): 2
(2, 5, 2, 4): 1
(5, 5, 2, 5): 1
(5, 5, 2, 4): 1
Hyperedge: frozenset([164, 173])
(6, 4): 1
(3, 2): 2
(2, 6): 1
(4, 6): 6
(6, 6): 67
(5, 6): 5
(6, 1): 1
(6, 3): 1
(6, 2): 12
(2, 3): 1
(3, 6): 1
(2, 2): 1
(1, 3): 1
(2, 5): 2
(5, 3): 1
(6, 5): 9
(5, 5): 1
Hyperedge: frozenset([225, 178, 163])
(3, 4, 6): 1
(4, 4, 6): 3
(5, 5, 6): 2
(4, 4, 5): 2
(6, 4, 5): 1
(5, 4, 6): 5
(5, 5, 5): 1
(2, 5, 6): 1
(5, 2, 5): 1
(4, 4, 2): 1
(5, 2, 6): 1
(6, 4, 6): 1
Hyperedge: frozenset([196, 229, 70])
(3, 4, 6): 1
(4, 6, 6): 1
(4, 3, 5): 6
(6, 3, 5): 1
(3, 3, 1): 1
(3, 3, 5): 1
(3, 4, 2): 1
(5, 5, 3): 1
(5, 5, 2): 1
(5, 4, 4): 1
(5, 5, 5): 8
(2, 6, 5): 2
(5, 4, 2): 2
(5, 5, 4): 1
(2, 4, 5): 4
(2, 4, 4): 1
(6, 5, 5): 5
(3, 3, 3): 1
(3, 6, 5): 1
(5, 4, 6): 1
(4, 5, 5): 2
(5, 3, 2): 1
(4, 5, 6): 1
(5, 4, 5): 3
(4, 4, 5): 1
(5, 3, 5): 2
(2, 5, 5): 2
(4, 6, 5): 4
(3, 5, 6): 2
(3, 4, 5): 3
(3, 5, 5): 9
Hyperedge: frozenset([145, 134])
(6, 4): 15
(5, 4): 3
(2, 6): 2
(4, 6): 3
(6, 6): 4
(5, 6): 2
(4, 4): 11
(3, 2): 1
(6, 3): 19
(4, 5): 13
(2, 3): 8
(3, 6): 9
(2, 5): 1
(3, 5): 7
(3, 4): 1
(2, 4): 1
(6, 5): 7
(5, 3): 19
Hyperedge: frozenset([218, 196, 174])
(3, 4, 5): 2
(3, 5, 5): 1
Hyperedge: frozenset([72, 75, 76])
(4, 3, 4): 2
(4, 6, 6): 4
(1, 5, 3): 1
(1, 3, 2): 1
(1, 5, 2): 5
(4, 3, 2): 1
(1, 4, 2): 1
(5, 2, 2): 9
(6, 4, 6): 2
(3, 4, 3): 1
(4, 5, 6): 6
(6, 4, 3): 1
(3, 6, 4): 2
(6, 5, 2): 1
(4, 5, 3): 2
(4, 5, 4): 3
(5, 6, 4): 2
(5, 4, 4): 1
(3, 2, 5): 2
(1, 6, 2): 1
(4, 4, 4): 1
(4, 6, 4): 4
(4, 4, 3): 1
Hyperedge: frozenset([59, 94])
(5, 4): 6
(5, 5): 12
(5, 6): 2
(4, 4): 2
(3, 6): 1
(5, 2): 1
(5, 3): 2
Hyperedge: frozenset([117, 118])
(6, 4): 5
(5, 4): 53
(5, 5): 6
(4, 5): 24
(4, 4): 14
(4, 3): 4
(2, 5): 1
(5, 3): 6
(3, 4): 5
(2, 4): 1
(3, 5): 11
Hyperedge: frozenset([232, 231])
(6, 4): 7
(5, 4): 11
(3, 3): 5
(4, 5): 12
(4, 4): 26
(6, 3): 3
(2, 2): 1
(2, 5): 1
(3, 4): 5
(6, 5): 1
(3, 5): 8
Hyperedge: frozenset([218, 196, 70])
(5, 3, 4): 3
(6, 3, 4): 1
(4, 3, 5): 2
(2, 3, 6): 1
(3, 3, 4): 1
(6, 4, 5): 4
(4, 3, 2): 1
(6, 4, 4): 6
(3, 3, 1): 1
(3, 5, 4): 1
(5, 6, 5): 2
(4, 2, 4): 1
(3, 3, 3): 1
(5, 4, 4): 8
(5, 2, 4): 2
(3, 3, 5): 13
(6, 4, 3): 1
(5, 5, 4): 1
(6, 5, 4): 1
(2, 5, 2): 2
(2, 4, 4): 1
(6, 5, 5): 4
(4, 5, 2): 1
(3, 3, 6): 1
(3, 6, 5): 1
(2, 4, 6): 1
(4, 5, 4): 1
(3, 4, 4): 9
(3, 5, 3): 1
(3, 2, 5): 6
(4, 5, 5): 3
(3, 4, 5): 3
(3, 5, 2): 1
(4, 5, 6): 1
(3, 2, 4): 4
(4, 4, 6): 1
(5, 4, 5): 2
(4, 4, 5): 4
(5, 3, 5): 1
(5, 5, 5): 4
(4, 2, 5): 1
(4, 6, 5): 1
(4, 4, 4): 3
(4, 3, 6): 1
(6, 6, 5): 3
(5, 2, 5): 1
(3, 5, 5): 2
Hyperedge: frozenset([144, 135])
(6, 4): 1
(5, 4): 5
(5, 5): 49
(5, 6): 19
(5, 2): 4
(4, 4): 1
(3, 6): 1
(6, 3): 1
(4, 5): 6
(2, 3): 1
(4, 3): 1
(2, 5): 7
(5, 3): 6
(3, 4): 1
(2, 4): 1
(6, 5): 13
(3, 5): 13
Hyperedge: frozenset([68, 234, 236])
(3, 4, 6): 1
(5, 2, 6): 1
(4, 6, 6): 2
(6, 4, 5): 2
(6, 3, 6): 3
(5, 6, 5): 2
(6, 2, 6): 4
(5, 6, 6): 3
(6, 4, 6): 5
(6, 2, 5): 3
(2, 6, 6): 1
(6, 5, 6): 2
(5, 5, 5): 3
(3, 6, 6): 1
(3, 6, 4): 2
(3, 3, 6): 3
(3, 6, 5): 2
(6, 6, 3): 2
(5, 4, 6): 1
(3, 5, 3): 1
(5, 2, 5): 1
(6, 6, 6): 23
(6, 6, 5): 7
(6, 3, 2): 1
(3, 4, 5): 1
(5, 6, 2): 1
(3, 5, 5): 3
Hyperedge: frozenset([66, 107, 87])
(5, 2, 6): 1
(4, 3, 5): 5
(2, 3, 6): 1
(6, 4, 5): 3
(6, 3, 5): 3
(6, 4, 4): 1
(6, 3, 6): 4
(5, 5, 5): 1
(3, 5, 2): 1
(6, 4, 6): 1
(6, 2, 5): 3
(3, 3, 2): 1
(6, 5, 6): 3
(6, 2, 3): 1
(3, 2, 2): 1
(6, 2, 2): 3
(2, 4, 5): 5
(6, 5, 4): 1
(6, 4, 2): 2
(3, 3, 4): 1
(5, 5, 6): 1
(6, 5, 2): 3
(3, 6, 5): 9
(4, 5, 4): 1
(6, 6, 2): 3
(5, 6, 1): 4
(5, 3, 2): 1
(6, 5, 1): 3
(4, 6, 2): 1
(4, 4, 5): 6
(6, 2, 4): 2
(6, 6, 6): 5
(4, 6, 5): 4
(4, 4, 4): 4
(3, 4, 4): 2
(6, 6, 5): 13
(4, 6, 4): 1
(1, 3, 4): 1
(6, 3, 2): 11
(3, 4, 5): 1
(6, 5, 5): 5
(3, 5, 5): 1
(5, 6, 5): 2
Hyperedge: frozenset([101, 94])
(4, 3): 1
(6, 6): 1
(4, 5): 1
(4, 4): 3
(5, 5): 7
(6, 3): 1
(5, 6): 1
(3, 6): 1
(4, 2): 1
(2, 5): 1
(3, 4): 3
(2, 4): 2
(3, 5): 3
Hyperedge: frozenset([208, 169, 206])
(5, 3, 4): 3
(6, 3, 4): 1
(5, 6, 3): 1
(6, 4, 5): 10
(6, 3, 5): 3
(6, 4, 4): 11
(4, 3, 3): 2
(6, 4, 6): 3
(5, 4, 6): 2
(5, 5, 5): 5
(6, 4, 3): 1
(5, 5, 4): 1
(6, 5, 4): 4
(6, 5, 5): 4
(4, 5, 3): 2
(4, 5, 4): 1
(3, 5, 3): 1
(4, 5, 5): 3
(5, 4, 4): 5
(4, 4, 6): 1
(5, 4, 5): 21
(4, 4, 5): 7
(3, 5, 5): 2
(5, 3, 3): 1
(4, 4, 4): 1
(3, 4, 4): 2
(5, 3, 6): 2
(4, 4, 3): 3
(3, 4, 5): 2
(6, 6, 4): 1
(5, 3, 5): 5
(5, 6, 5): 1
Hyperedge: frozenset([91, 93])
(6, 4): 4
(2, 6): 15
(6, 6): 15
(6, 1): 9
(2, 1): 1
(6, 3): 14
(6, 2): 5
(3, 6): 25
(2, 2): 2
(2, 5): 4
(6, 5): 29
(3, 5): 7
Hyperedge: frozenset([89, 242])
(6, 4): 8
(3, 2): 2
(2, 6): 2
(5, 5): 7
(4, 5): 2
(5, 2): 5
(4, 4): 3
(5, 4): 9
(3, 6): 1
(6, 3): 4
(5, 3): 6
(4, 3): 6
(2, 3): 4
(3, 5): 3
(3, 4): 6
(6, 5): 10
(3, 3): 1
Hyperedge: frozenset([234, 219])
(6, 4): 22
(5, 4): 5
(2, 6): 1
(3, 3): 4
(6, 6): 1
(4, 5): 1
(5, 2): 1
(6, 1): 1
(4, 4): 3
(3, 6): 1
(6, 3): 14
(2, 3): 3
(4, 3): 6
(2, 5): 1
(3, 5): 1
(3, 4): 1
(2, 4): 4
(6, 5): 8
(5, 3): 3
Hyperedge: frozenset([64, 90, 92])
(2, 3, 5): 4
(3, 5, 4): 3
(2, 2, 5): 4
(2, 3, 6): 1
(2, 2, 4): 1
(3, 3, 3): 5
(3, 4, 3): 7
(2, 4, 3): 4
(2, 6, 6): 3
(2, 3, 3): 2
(3, 4, 4): 2
(3, 3, 5): 1
(2, 4, 2): 1
(2, 6, 5): 7
(3, 3, 4): 4
(2, 4, 5): 13
(2, 6, 4): 4
(6, 5, 4): 1
(2, 4, 4): 3
(2, 6, 3): 4
(4, 6, 4): 8
(3, 6, 4): 5
(4, 5, 3): 1
(3, 6, 5): 1
(4, 5, 4): 3
(3, 5, 3): 11
(3, 6, 3): 8
(2, 5, 6): 1
(4, 6, 3): 3
(2, 5, 5): 6
(4, 6, 5): 2
(4, 3, 6): 1
(3, 5, 6): 1
(2, 3, 4): 3
(3, 5, 5): 2
Hyperedge: frozenset([88, 89])
(6, 4): 11
(5, 4): 3
(1, 3): 1
(5, 5): 12
(6, 6): 10
(5, 6): 22
(4, 4): 13
(1, 4): 1
(3, 6): 1
(6, 3): 5
(4, 5): 4
(2, 6): 2
(2, 3): 5
(4, 3): 2
(2, 2): 8
(2, 5): 11
(2, 4): 2
(6, 5): 13
(3, 5): 5
Hyperedge: frozenset([70, 229, 222])
(5, 6, 2): 1
(5, 3, 4): 5
(5, 6, 4): 5
(5, 6, 6): 1
(3, 3, 3): 1
(2, 4, 3): 2
(5, 5, 5): 1
(6, 4, 3): 1
(5, 5, 4): 5
(2, 4, 5): 1
(6, 5, 4): 1
(5, 4, 3): 3
(6, 4, 2): 1
(6, 5, 5): 1
(5, 5, 3): 13
(5, 5, 6): 7
(4, 5, 3): 1
(6, 5, 3): 1
(5, 3, 3): 5
(5, 4, 4): 4
(5, 4, 5): 4
(2, 5, 4): 1
(4, 4, 5): 1
(3, 5, 3): 1
(4, 4, 4): 1
(2, 3, 4): 1
(6, 6, 4): 1
(1, 3, 3): 1
Hyperedge: frozenset([170, 171])
(3, 2): 9
(2, 6): 5
(3, 3): 1
(6, 6): 5
(5, 6): 5
(5, 5): 3
(4, 4): 1
(5, 4): 1
(4, 6): 2
(4, 5): 3
(6, 2): 1
(4, 3): 25
(4, 2): 32
(3, 5): 1
(5, 2): 11
(3, 6): 1
(5, 3): 24
Hyperedge: frozenset([191, 76, 183])
(4, 6, 5): 1
Hyperedge: frozenset([245, 246])
(6, 4): 1
(5, 4): 6
(4, 6): 3
(5, 5): 15
(5, 6): 4
(4, 4): 8
(3, 6): 2
(4, 5): 5
(2, 3): 2
(4, 3): 1
(4, 2): 2
(5, 3): 3
(6, 5): 2
(3, 5): 2
Hyperedge: frozenset([235, 71])
(6, 4): 15
(5, 4): 5
(2, 6): 1
(5, 5): 5
(4, 5): 10
(4, 4): 11
(3, 2): 1
(6, 3): 1
(2, 3): 6
(4, 2): 1
(2, 5): 2
(3, 4): 6
(2, 4): 6
(6, 5): 4
(3, 5): 5
